[0, 1, 249]
[0, 2, 249]
[0, 3, 249]
[0, 4, 249]
[0, 5, 249]
[0, 6, 249]
[0, 7, 249]
[0, 8, 249]
[0, 9, 249]
[0, 10, 249]
[0, 11, 249]
[0, 12, 249]
[0, 13, 249]
[0, 14, 249]
[0, 15, 249]
[0, 16, 249]
[0, 17, 249]
[0, 18, 249]
[0, 19, 249]
[0, 20, 249]
[0, 21, 249]
[0, 22, 249]
[0, 23, 249]
[0, 24, 249]
[0, 25, 249]
[0, 26, 249]
[0, 27, 249]
[0, 28, 249]
[0, 29, 249]
[0, 30, 249]
[0, 31, 249]
[0, 32, 249]
[0, 33, 249]
[0, 34, 249]
[0, 35, 249]
[0, 36, 249]
[0, 37, 249]
[0, 38, 249]
[0, 39, 249]
[0, 40, 249]
[0, 41, 249]
[0, 42, 249]
[0, 43, 249]
[0, 44, 249]
[0, 45, 249]
[0, 46, 249]
[0, 47, 249]
[0, 48, 249]
[0, 49, 249]
[0, 50, 249]
[0, 51, 249]
[0, 52, 249]
[0, 53, 249]
[0, 54, 249]
[0, 55, 249]
[0, 56, 249]
[0, 57, 249]
[0, 58, 249]
[0, 59, 249]
[0, 60, 249]
[0, 61, 249]
[0, 62, 249]
[0, 63, 249]
[0, 64, 249]
[0, 65, 249]
[0, 66, 249]
[0, 67, 249]
[0, 68, 249]
[0, 69, 249]
[0, 70, 249]
[0, 71, 249]
[0, 72, 249]
[0, 73, 249]
[0, 74, 249]
[0, 75, 249]
[0, 76, 249]
[0, 77, 249]
[0, 78, 249]
[0, 79, 249]
[0, 80, 249]
[0, 81, 249]
[0, 82, 249]
[0, 83, 249]
[0, 84, 249]
[0, 85, 249]
[0, 86, 249]
[0, 87, 249]
[0, 88, 249]
[0, 89, 249]
[0, 90, 249]
[0, 91, 249]
[0, 92, 249]
[0, 93, 249]
[0, 94, 249]
[0, 95, 249]
[0, 96, 249]
[0, 97, 249]
[0, 98, 249]
[0, 99, 249]
[0, 100, 249]
[0, 101, 249]
[0, 102, 249]
[0, 103, 249]
[0, 104, 249]
[0, 105, 249]
[0, 106, 249]
[0, 107, 249]
[0, 108, 249]
[0, 109, 249]
[0, 110, 249]
[0, 111, 249]
[0, 112, 249]
[0, 113, 249]
[0, 114, 249]
[0, 115, 249]
[0, 116, 249]
[0, 117, 249]
[0, 118, 249]
[0, 119, 249]
[0, 120, 249]
[0, 121, 249]
[0, 122, 249]
[0, 123, 249]
[0, 124, 249]
[0, 125, 249]
[0, 126, 249]
[0, 127, 249]
[0, 128, 249]
[0, 129, 249]
[0, 130, 249]
[0, 131, 249]
[0, 132, 249]
[0, 133, 249]
[0, 134, 249]
[0, 135, 249]
[0, 136, 249]
[0, 137, 249]
[0, 138, 249]
[0, 139, 249]
[0, 140, 249]
[0, 141, 249]
[0, 142, 249]
[0, 143, 249]
[0, 144, 249]
[0, 145, 249]
[0, 146, 249]
[0, 147, 249]
[0, 148, 249]
[0, 149, 249]
[0, 150, 249]
[0, 151, 249]
[0, 152, 249]
[0, 153, 249]
[0, 154, 249]
[0, 155, 249]
[0, 156, 249]
[0, 157, 249]
[0, 158, 249]
[0, 159, 249]
[0, 160, 249]
[0, 161, 249]
[0, 162, 249]
[0, 163, 249]
[0, 164, 249]
[0, 165, 249]
[0, 166, 249]
[0, 167, 249]
[0, 168, 249]
[0, 169, 249]
[0, 170, 249]
[0, 171, 249]
[0, 172, 249]
[0, 173, 249]
[0, 174, 249]
[0, 175, 249]
[0, 176, 249]
[0, 177, 249]
[0, 178, 249]
[0, 179, 249]
[0, 180, 249]
[0, 181, 249]
[0, 182, 249]
[0, 183, 249]
[0, 184, 249]
[0, 185, 249]
[0, 186, 249]
[0, 187, 249]
[0, 188, 249]
[0, 189, 249]
[0, 190, 249]
[0, 191, 249]
[0, 192, 249]
[0, 193, 249]
[0, 194, 249]
[0, 195, 249]
[0, 196, 249]
[0, 197, 249]
[0, 198, 249]
[0, 199, 249]
[0, 200, 249]
[0, 201, 249]
[0, 202, 249]
[0, 203, 249]
[0, 204, 249]
[0, 205, 249]
[0, 206, 249]
[0, 207, 249]
[0, 208, 249]
[0, 209, 249]
[0, 210, 249]
[0, 211, 249]
[0, 212, 249]
[0, 213, 249]
[0, 214, 249]
[0, 215, 249]
[0, 216, 249]
[0, 217, 249]
[0, 218, 249]
[0, 219, 249]
[0, 220, 249]
[0, 221, 249]
[0, 222, 249]
[0, 223, 249]
[0, 224, 249]
[0, 225, 249]
[0, 226, 249]
[0, 227, 249]
[0, 228, 249]
[0, 229, 249]
[0, 230, 249]
[0, 231, 249]
[0, 232, 249]
[0, 233, 249]
[0, 234, 249]
[0, 235, 249]
[0, 236, 249]
[0, 237, 249]
[0, 238, 249]
[0, 239, 249]
[0, 240, 249]
[0, 241, 249]
[0, 242, 249]
[0, 243, 249]
[0, 244, 249]
[0, 245, 249]
[0, 246, 249]
[0, 247, 249]
[0, 248, 249]
[0, 249]
Número de caminhos: 249
Tempo de execucação: 1307.5098991394043ms
