0.2918243408203125
0.9734630584716797
1.8711090087890625
3.554821014404297
6.398439407348633
8.069753646850586
13.098716735839844
16.72816276550293
26.83091163635254
33.07652473449707
39.62135314941406
53.03382873535156
74.52559471130371
75.62112808227539
107.30981826782227
119.82393264770508
149.36256408691406
148.25177192687988
204.86927032470703
238.16251754760742
278.1503200531006
284.32250022888184
394.9108123779297
422.0702648162842
418.0576801300049
482.6071262359619
572.4449157714844
614.6740913391113
662.0771884918213
744.0445423126221
818.0811405181885
888.6170387268066
954.4847011566162
1161.0991954803467
1170.9959506988525
1256.075382232666
1326.9834518432617
1606.407642364502
1626.410961151123
1791.1503314971924
1900.3808498382568
2044.3687438964844
2219.066381454468
2372.7378845214844
2488.262891769409
2664.5450592041016
3155.956745147705
3099.2207527160645
3365.1785850524902
3758.1441402435303
3625.138282775879
3971.2882041931152
4110.912799835205
4447.886943817139
4797.497272491455
5136.78503036499
5183.981895446777
5739.977836608887
5831.583499908447
5835.548639297485
5980.175733566284
6512.544870376587
7383.078336715698
7317.242383956909
7804.471731185913
8476.215600967407
8653.095722198486
9413.812637329102
10220.40319442749
10299.949407577515
10610.700130462646
11101.550579071045
11530.144214630127
11066.872835159302
12674.152374267578
13367.28572845459
13745.773315429688
13517.991065979004
14103.387832641602
14629.56166267395
15420.861959457397
15923.353672027588
16436.49935722351
16013.004302978516
16660.908699035645
18294.594049453735
19654.409646987915
19408.045291900635
19562.81280517578
20389.286994934082
21289.60609436035
22451.088428497314
23782.56130218506
24307.56187438965
24720.906257629395
24907.047033309937
26659.98673439026
26711.525917053223
27498.51155281067
