0011110011111001010111010100100100000101101100011001100000100101000011011011100101000001010100101111
1010001010101101101101111101110010110010101100010011001010100100111010111111000110000101100000000111
1100101111001010111111101101001001101100110001010110110011101010001110111110011111011110000101100110
1100011101001010001111110010001110100110010001111010000011000010000001000101000110110111010001011101
1110000111101001111111001100111100000110011000000000000101100001100111000100000010010101011101110001
1010101001011111111001111111111000000101001000110101001001011001100101010010011111111101000000111111
1110000010111111100011000010111000110010101110101110010010100111001111111111000100101011101000000100
0100011000011110111110101111100101100101001011010010110001000110111011011011101100100101100100000111
0010010000100011000111000011001001110011001011100001110001111111111110000000111010101011110010000111
1010010010111110001000001100110000001110001111101001101011110101100011111100000010001010010000000111
1100000111000010000100000010001111110100011110010101001001101011001110001101010011000001100111011100
1110001010000001010111011000110011100011100110101000101001001001111011100100011111001011100001000010
1100110110100111001101011110111000100001110110101011010011100110000000100000110011110000010001001101
1111111010000001111110011011010110001100001001001000001001101000011101100011111111001011100111001100
1100101010001000011011101101101101110001011000111010011010001000111101001010011000111111001010001010
1000011011001010100010110001001111000001111111010111110110111110101000101100111001001000010110001011
0000000011100101011001100101011000011011000111001111111100100011010110000000110011100110010011011101
1011000110010010001010010001000110100101100010100101010111100100000010011111111011000001000101001111
0000110111111010100010001110111100011001000111001111100110000110101001001111111100111000101111010100
0110001000101011110011101111111100110110110110001101100011011101011011001010100111101001110101110001
1000001011101111101100110011111100000001000110100010011001111100011010001100001101101101000000110110
1001010110011011000110011011011010111010111000011100000010010110111110111111101111101011101110100101
1101000001110011001010010110011001100000101010011110010000011011001110010111010101010110000011011001
0010001100101001010111000011110001000010000010110101001001010101100100110111111110011100111101000010
1111001101100000011100100001100001010011010101010011100000000100010000010010010010011110000100100110
0110111100100100010110010010101011101110100000010101110110100001100100010111000001111101010011001011
1011011101100011111011010001100001000011110100111100101100100011001111001000100101100011110100101100
0001011101111111100001100000000111101011010000110010111000101100111010111000011100011010100001001101
0111111111011001000001001101000110010001111110111111111110001110101001001111110111011001000000100001
1111000011110000100000011000000000110110110001100001001101101000010110010111010010000010010010010110
0110011000011011100111111001110111011001000001001000001101100111110011111101001000110110011000111111
1000001110100010100001000000101011101101100100000111101101010100110010011100001100010001000111100110
1111010011011010001110100100101000101011000001111000011010000010001001100001010001111111010011110011
1101100111101101111110101110000110110011110111001001110000111101101001000010000011001101011110000010
1010001011010101110100111111111000001100011010011111111100110100001110101101000101011101001010011010
0111100011000100101111110000011010000001001100100111000100111100101110000101000001101001111100001110
0000011111001110010100000010100101110001100100011011111011011001010110001000110111100101011001001101
0000011100001000100100110001010000011000011011110110010100011110101000110101100001010111101100100011
1011110100010110111001000010111011101001100001101011001001010110110110001110000000111111110100110111
1000111001000101100100110000001101101100101100010100111111011010001011100001100011011011101001100111
0101000110101110111001010000010111001010011101001110100111001101101010111011110011101101110111110000
0100100011111101110001101101011001001111001110101100110010101110110001000101111011100010101010000000
1110111001111011101011111110111010010111010010011100000100101110001100101001111111000001101001001111
0111010100001011110010101011000101111010000011100110001110111011111010101111110010110000011001111110
1000010000000110100010011011010010010010100101101110011101011010000111100010101100001110000001001111
1011011011010010101111100101011111001101101100110101110111101111111110111101010110100111101000010000
0001100011010001001110000110000110111110110111000001001100001010100001100011100111000011111011001110
1100101110010011111000100010100100010001001111000001000101101111011001011010101100110111011100111001
1100101111111101101000111010011110001110011101110100100110101011011000010110011111010100111001000101
0100110001100110100101000100001111011100001111110000011100000001000000011010110111001010000011011001
0011010111111110001101110110110111001001101111011001011100100110010011101101100011101100110010101010
1000111000011010110101001011101001110010100100010010001011100111100010111111101100100000111110101010
1001110100110001000111010000101100100001111001001001011011010100001110100100011001011100011101101111
0000101011010110001100101011111011101111000110010010101001000100110000111010001001100000011110101100
0111110101011011011101010001001110011000101000111001110100100011101011101000011011011001100000110010
1001100100100001111110110010110100001000110110111000101011101110011001101100011101010000110101100001
1010101011001001011001110001000101110010101101110001111000100000001110011101000010010111010001111011
0100101010011100101000010001010001100101010100010000000010011111100001101011011000011011011100111100
0110100011100010101101110111010001010110011100100011000110001001000000110111110011001110100100100010
1101101111110110000110001010100001010001101110111010100010001010001001100001100011111000000100001110
0111111010010010100100101001101011101111111111000000111111110001110011101000100111100010011100010001
0111011101101010011011001010110110011110010111110000000100111001010001010000010011110010111111110110
1100000000100110100100110010100101110010110001100001001010110000111000010110000000010111100010111000
0001001110000010110010010011010000000011001000100111110101111100011000010110110010110000011001010101
1011101001001111110001001010010101110101000011000001001101001111010110101001110001100010100110000000
1000100001111000000110001111101110011111101011110110101010110010000000011101000111111000101100101011
0100011001010001110011010000011000011110100111101001110110001001010110111101100010010100010011100011
1110000101101101101111110110000101110001111101000001011101001011100010010110011011111010011010110010
1101100010111011111010110010100011000101000011001011101110011110110100011010010111100010100111100101
1111010000010100111000110111111100000000000110010110011000001001100110111100111011011011001111000010
1110011010001001000011111001110100110000000010011111111111010111110111011001001001110000110011010100
0100001011111011100011000011010100000110001010011010000101000001110111101100000000001111111000001100
1011010100111010110100000010101100100101110100011100010100100111111010000001010000110111001000110100
0101111010100101110001101011000111111001101001001011010110000011000010111010111111001111010010100111
0100001000011101010100011000010001000111101010110011000101101010010100110101111110000101000001000011
1011011011010001100110011001100101100001011101110001100000000100111100100100010010101111010101101001
0011001001010011110110111000100101111001100100111101000000011101110111001111000010101000100001000001
0110010001001010110011110010001110111010100010111000010001010101110101000100000001001000110111100010
1100000000001110010110001100110010110101010110100010000110110111100101001000100011101101010010101011
0101111110000110000101111001001000110100101111011011100101101011101110010010000011111110011001010100
0000111100000001101111000110000100001000100000100000011011110111101110100111011001011111001010000101
0011111100001010010010111000111101111100010100111101001100101000011010010110001100011011100111110111
1011011001101111111101110001010000111011001110001000100101101110101111101111001011010100100011100101
1000011000001001001011110000010101111100011001001010010101100101000001101011110110001010111011011000
1000010100010010101101011010001111110100111111011101110101101000111100001001100011110100111101001111
0000110011010111111000111011000001001010111100000001100110011010110000101100010100110001110111111011
0111000100000100001011001101011001011100011110010110101011011010110110110000011100111001001100111101
1100001010100110101110010101011110101000110111100110011011000101001001101001110011110000110110010001
0111010101101011001100001100011111100101000001011011010101111011111010000101101001000111000011110100
1100000100111000111000110111010100101010101100111111011110110110000001101001000011001011100010101011
0001011111010000010010101011000011000101111000111111111001100100100010011100101111100000010110101100
1110100101101111000010100011100001001011000001010101011100001100010011110001110011111101100011000010
1000010011101111111111000011011100111010101011100100101101101001110111000010111101010001110000010001
0100000110101100010110000000110110010000101001010001011000000100000001011001100001111000000010110011
1000010000110011111000000111000001010111000110111001111010110101010101000011000001001011100101001011
1000101111000010101010100111001111011110110000001111100011111100101111110110101000010101011010101111
0000100011101000011101110101101001000110101001100100001110000110101000000100010011001110011110100111
1110110110111000110011001011111100101101011001101111100110101101010011111000011100011010011011101010
1010110010101001100100001101111101110011000000111100111001001101000011001101010000101110000100011000
0010101111100011110000101100110000010000110111011110101100100101101101010011010010010010011001011010
