[0, 2, 3, 999]
[0, 4, 999]
[0, 11, 5, 999]
[0, 12, 18, 999]
[0, 17, 15, 999]
[0, 22, 999]
[0, 27, 7, 999]
[0, 28, 42, 999]
[0, 33, 999]
[0, 35, 19, 999]
[0, 36, 29, 999]
[0, 37, 999]
[0, 40, 999]
[0, 41, 999]
[0, 46, 23, 999]
[0, 54, 52, 999]
[0, 57, 45, 999]
[0, 58, 24, 999]
[0, 59, 999]
[0, 67, 56, 999]
[0, 68, 999]
[0, 69, 51, 999]
[0, 71, 43, 999]
[0, 75, 62, 999]
[0, 76, 64, 999]
[0, 77, 61, 999]
[0, 83, 72, 999]
[0, 84, 999]
[0, 86, 999]
[0, 92, 65, 999]
[0, 93, 70, 999]
[0, 96, 999]
[0, 99, 90, 999]
[0, 104, 999]
[0, 105, 73, 999]
[0, 106, 999]
[0, 108, 999]
[0, 111, 89, 999]
[0, 112, 88, 999]
[0, 118, 78, 999]
[0, 119, 107, 999]
[0, 120, 95, 999]
[0, 123, 98, 999]
[0, 127, 999]
[0, 130, 999]
[0, 132, 163, 999]
[0, 133, 91, 999]
[0, 135, 999]
[0, 140, 114, 999]
[0, 142, 999]
[0, 146, 999]
[0, 147, 999]
[0, 148, 999]
[0, 149, 116, 999]
[0, 151, 999]
[0, 154, 128, 999]
[0, 157, 999]
[0, 158, 999]
[0, 161, 999]
[0, 164, 109, 999]
[0, 167, 999]
[0, 174, 124, 999]
[0, 178, 999]
[0, 180, 999]
[0, 181, 137, 999]
[0, 187, 999]
[0, 189, 177, 999]
[0, 193, 159, 999]
[0, 197, 999]
[0, 198, 143, 999]
[0, 202, 999]
[0, 207, 999]
[0, 208, 179, 999]
[0, 211, 176, 999]
[0, 213, 125, 999]
[0, 214, 186, 999]
[0, 215, 999]
[0, 218, 999]
[0, 219, 203, 999]
[0, 224, 200, 999]
[0, 232, 195, 999]
[0, 233, 209, 999]
[0, 236, 999]
[0, 237, 185, 999]
[0, 243, 210, 999]
[0, 249, 999]
[0, 254, 194, 999]
[0, 256, 206, 999]
[0, 257, 999]
[0, 263, 191, 999]
[0, 265, 216, 999]
[0, 268, 999]
[0, 273, 212, 999]
[0, 276, 999]
[0, 280, 223, 999]
[0, 282, 999]
[0, 283, 222, 999]
[0, 287, 227, 999]
[0, 288, 999]
[0, 289, 239, 999]
[0, 294, 242, 999]
[0, 308, 244, 999]
[0, 313, 241, 999]
[0, 316, 999]
[0, 319, 999]
[0, 322, 234, 999]
[0, 323, 245, 999]
[0, 326, 246, 999]
[0, 327, 999]
[0, 331, 260, 999]
[0, 332, 999]
[0, 335, 275, 999]
[0, 336, 999]
[0, 337, 261, 999]
[0, 338, 247, 999]
[0, 339, 258, 999]
[0, 343, 999]
[0, 345, 999]
[0, 347, 999]
[0, 349, 269, 999]
[0, 351, 279, 999]
[0, 352, 999]
[0, 354, 284, 999]
[0, 356, 262, 999]
[0, 366, 999]
[0, 367, 277, 999]
[0, 368, 999]
[0, 371, 286, 999]
[0, 372, 290, 999]
[0, 373, 999]
[0, 374, 299, 999]
[0, 375, 291, 999]
[0, 380, 311, 999]
[0, 381, 999]
[0, 383, 293, 999]
[0, 387, 305, 999]
[0, 388, 999]
[0, 389, 999]
[0, 390, 999]
[0, 391, 999]
[0, 396, 312, 999]
[0, 401, 999]
[0, 404, 999]
[0, 407, 324, 999]
[0, 408, 999]
[0, 412, 302, 999]
[0, 414, 318, 999]
[0, 415, 328, 999]
[0, 419, 999]
[0, 422, 999]
[0, 423, 325, 999]
[0, 428, 333, 999]
[0, 429, 357, 999]
[0, 433, 999]
[0, 434, 350, 999]
[0, 436, 363, 999]
[0, 437, 364, 999]
[0, 438, 360, 999]
[0, 442, 999]
[0, 443, 999]
[0, 444, 399, 999]
[0, 445, 999]
[0, 449, 999]
[0, 450, 384, 999]
[0, 451, 376, 999]
[0, 454, 393, 999]
[0, 455, 999]
[0, 459, 999]
[0, 462, 999]
[0, 463, 999]
[0, 464, 386, 999]
[0, 471, 999]
[0, 476, 410, 999]
[0, 477, 999]
[0, 481, 999]
[0, 484, 402, 999]
[0, 485, 417, 999]
[0, 492, 400, 999]
[0, 494, 999]
[0, 497, 409, 999]
[0, 498, 413, 999]
[0, 499, 999]
[0, 501, 999]
[0, 503, 999]
[0, 504, 418, 999]
[0, 505, 421, 999]
[0, 510, 999]
[0, 513, 424, 999]
[0, 519, 430, 999]
[0, 520, 467, 999]
[0, 521, 432, 999]
[0, 532, 460, 999]
[0, 534, 999]
[0, 537, 425, 999]
[0, 541, 448, 999]
[0, 551, 457, 999]
[0, 553, 479, 999]
[0, 554, 999]
[0, 555, 478, 999]
[0, 557, 466, 999]
[0, 559, 469, 999]
[0, 561, 482, 999]
[0, 562, 488, 999]
[0, 563, 999]
[0, 565, 487, 999]
[0, 566, 489, 999]
[0, 567, 511, 999]
[0, 571, 495, 999]
[0, 580, 493, 999]
[0, 581, 512, 999]
[0, 582, 502, 999]
[0, 585, 509, 999]
[0, 588, 524, 999]
[0, 591, 999]
[0, 592, 514, 999]
[0, 596, 531, 999]
[0, 598, 539, 999]
[0, 599, 999]
[0, 602, 517, 999]
[0, 604, 999]
[0, 607, 999]
[0, 609, 545, 999]
[0, 611, 999]
[0, 616, 999]
[0, 617, 535, 999]
[0, 618, 547, 999]
[0, 621, 546, 999]
[0, 626, 569, 999]
[0, 635, 560, 999]
[0, 636, 577, 999]
[0, 637, 999]
[0, 638, 590, 999]
[0, 639, 999]
[0, 642, 999]
[0, 643, 999]
[0, 647, 595, 999]
[0, 650, 570, 999]
[0, 652, 999]
[0, 655, 579, 999]
[0, 656, 606, 999]
[0, 659, 601, 999]
[0, 661, 597, 999]
[0, 662, 613, 999]
[0, 663, 605, 999]
[0, 664, 620, 999]
[0, 665, 623, 999]
[0, 668, 999]
[0, 669, 999]
[0, 670, 608, 999]
[0, 671, 629, 999]
[0, 673, 641, 999]
[0, 674, 999]
[0, 676, 999]
[0, 677, 999]
[0, 678, 628, 999]
[0, 680, 999]
[0, 681, 644, 999]
[0, 684, 675, 999]
[0, 685, 699, 999]
[0, 687, 999]
[0, 688, 999]
[0, 692, 654, 999]
[0, 696, 999]
[0, 697, 634, 999]
[0, 698, 686, 999]
[0, 702, 651, 999]
[0, 705, 672, 999]
[0, 713, 999]
[0, 714, 683, 999]
[0, 716, 999]
[0, 720, 999]
[0, 724, 999]
[0, 726, 701, 999]
[0, 728, 999]
[0, 730, 691, 999]
[0, 731, 703, 999]
[0, 732, 999]
[0, 734, 999]
[0, 735, 695, 999]
[0, 740, 706, 999]
[0, 742, 999]
[0, 743, 689, 999]
[0, 744, 999]
[0, 750, 708, 999]
[0, 751, 704, 999]
[0, 752, 749, 999]
[0, 753, 710, 999]
[0, 754, 729, 999]
[0, 756, 717, 999]
[0, 759, 723, 999]
[0, 761, 707, 999]
[0, 767, 762, 999]
[0, 770, 999]
[0, 771, 769, 999]
[0, 772, 999]
[0, 774, 786, 999]
[0, 775, 999]
[0, 778, 783, 999]
[0, 780, 999]
[0, 781, 773, 999]
[0, 782, 790, 999]
[0, 785, 999]
[0, 787, 999]
[0, 789, 794, 999]
[0, 791, 999]
[0, 792, 999]
[0, 793, 999]
[0, 795, 999]
[0, 796, 806, 999]
[0, 799, 776, 999]
[0, 800, 999]
[0, 807, 811, 999]
[0, 809, 999]
[0, 816, 803, 999]
[0, 817, 813, 999]
[0, 819, 999]
[0, 821, 999]
[0, 830, 808, 999]
[0, 831, 999]
[0, 833, 815, 999]
[0, 834, 999]
[0, 835, 822, 999]
[0, 838, 832, 999]
[0, 839, 837, 999]
[0, 842, 843, 999]
[0, 844, 828, 999]
[0, 845, 841, 999]
[0, 846, 852, 999]
[0, 849, 863, 999]
[0, 856, 999]
[0, 860, 857, 999]
[0, 862, 999]
[0, 868, 854, 999]
[0, 872, 855, 999]
[0, 875, 999]
[0, 878, 865, 999]
[0, 882, 870, 999]
[0, 886, 999]
[0, 887, 999]
[0, 888, 873, 999]
[0, 889, 876, 999]
[0, 890, 999]
[0, 894, 999]
[0, 895, 881, 999]
[0, 897, 999]
[0, 898, 884, 999]
[0, 899, 869, 999]
[0, 907, 891, 999]
[0, 910, 999]
[0, 912, 892, 999]
[0, 916, 885, 999]
[0, 920, 893, 999]
[0, 925, 913, 999]
[0, 926, 904, 999]
[0, 929, 906, 999]
[0, 930, 999]
[0, 931, 999]
[0, 932, 999]
[0, 936, 909, 999]
[0, 937, 948, 999]
[0, 939, 915, 999]
[0, 940, 900, 999]
[0, 946, 999]
[0, 951, 919, 999]
[0, 953, 923, 999]
[0, 955, 921, 999]
[0, 959, 927, 999]
[0, 965, 922, 999]
[0, 967, 945, 999]
[0, 970, 935, 999]
[0, 971, 999]
[0, 972, 933, 999]
[0, 973, 938, 999]
[0, 975, 957, 999]
[0, 977, 999]
[0, 979, 911, 999]
[0, 985, 934, 999]
[0, 986, 999]
[0, 987, 999]
[0, 988, 962, 999]
[0, 989, 999]
[0, 991, 974, 999]
Número de caminhos: 382
Tempo de execucação: 27985.30411720276ms
