[0, 2, 1, 99]
[0, 3, 99]
[0, 4, 99]
[0, 5, 99]
[0, 8, 99]
[0, 9, 99]
[0, 10, 7, 99]
[0, 11, 32, 99]
[0, 12, 99]
[0, 15, 99]
[0, 17, 99]
[0, 19, 99]
[0, 20, 16, 99]
[0, 21, 99]
[0, 23, 27, 99]
[0, 25, 99]
[0, 28, 99]
[0, 31, 30, 99]
[0, 37, 99]
[0, 39, 99]
[0, 40, 36, 99]
[0, 42, 99]
[0, 43, 22, 99]
[0, 47, 99]
[0, 48, 99]
[0, 51, 38, 99]
[0, 52, 99]
[0, 58, 55, 99]
[0, 61, 44, 99]
[0, 63, 99]
[0, 68, 99]
[0, 69, 49, 99]
[0, 71, 65, 99]
[0, 72, 66, 99]
[0, 74, 99]
[0, 75, 99]
[0, 76, 99]
[0, 79, 60, 99]
[0, 81, 99]
[0, 87, 99]
[0, 89, 99]
[0, 91, 80, 99]
[0, 94, 99]
[0, 96, 99]
[0, 97, 56, 99]
[0, 98, 73, 99]
[0, 99]
Número de caminhos: 47
Tempo de execucação: 275.3419876098633ms
