0011010000001000001000100000001110110101001011111010000110011101000000100011000100000001011111110100000001100001100101100110110100110001100100000010101010010111000100110000010101010000000001100100010011000110100101010110101010101011000010101111011001
0011111000001110101011000001110001101000010000000011010001010101001011101000110000011100001001001000111010001110010100100000000010110010000110110110011001110000001000011011011101111100010100000000000111010011111111000110010001001010000110000000101001
1001001100111000000110011001001101000000000000100001011001100010000000001001001101110010011001011010100100001100001100100100000000000001000001101100100010101001101001011110100000100011100111000001110010000110001101100100001010000000000100000110000011
1000001010000010011010100000111100100100000100001000000001110000011010001110000000110111001100010111011000000001000101100100000010010110010100110111010111000100000000000101101010000110000111101111011001100000001000001101000110010000010000111111110001
0010000011010100111011000101110011111000101111110001001010000000101110011000001011000111110010010010111010010010010010001011010100000110000011100010101001110000110000000010100010010001110001011101000100010100110010110000000001100111010111000000000100
1010001001111101111100100001101101110000011001001010000011000100100110110001000001100101101110110010011100000100110110101011001101001001001100010101010001101110010100001011000100011101000111000010000001010000001110110110000011010000110011000000100111
0110010101000111010000100111101100111001100000101100110011101011101011010101101000001100001000001110000010000010110100101110000011000010100001010010010101101100000110100100011000010110000101111001010011010100000001100101000101010000000100010100000111
0011110011001000010010001001100001000101110001101000010000001100001111000000010010010010100011010000111011001100000100010110000100101110011001110100100110010010101101010001101011000111110101100001111110000010000010110001001000000111100000100000100001
0011100000011111010101010010111100111100000101010111100010110001000110000011111110000010100100010000010110010100000000011010001000110100100001000010100100000001000110100000100101000001000011100100111011110001010110000010100010011101010100000001110001
0000000010010011010100000001011001011010110100101101000001111011011101011001000110000010000111100011011001100011000011000010101111110001000100111010001100010011110011001011000001110100000101011001010100100100111010110000100100101000010100010101000110
0000101010000101010100010000110001100101001000011000000000101011001000000010000010100010000100101001011000010101110110010100011101010010000000010010011011000110001100001111010101000101001001000000000001110110001011010101101110100101011001000000100101
1010000100100100111010000110000000000001000011100000000000110100110011001001101000101001011001000101100111010101111000000011000000100000011111100000010111100000000011010001001001100001000101000100100110110000101101110110010101010110100000100100001011
1001010000100100101000011100011000100001100001000000010011000100010000110000100000011100000001010011001011010001000000100011100111010010001110001010000011101001000010010101011111011000000001000100100000000001100100101100100001110101000001000111000011
0111011100000010101000100010001110110001000011010000010111010100001000000011101011011000001101011100111100000110011101111001110000100000100101010100000001001111000100111101001000000100101100110001101010100100110101001111100110000010110010101110001111
0001010000000001000110001000010000001010000000001101110011010010110111111001011000110100011100000001100010001000100010001000000111011000010000000100010100010110101000000100001100001000000000010001011101111010110000000101000000000011100110010100010100
0001011000010010110010101011000100100110100000001001110101111000110010110010001010100100000010001111010100000110100000010010000101100110110110010110000101100000111000001110111001000110010100001010000100010010000100110001110000011000100010001100011100
1001001000011000010001010110000000100001010111010100001001100100000101000101100001000011000011101011000101000011010011110000000000011001110100111001100011010000000001111100001001100010000111000100010011011010100011000010010000100000000100010000001100
0110001111000101000100000110010010000101000010100011011001000010110001010011100001011100000010110110001100101010010010010000001001010001010101010000011100100001011100011001010100010000101110101000101100101100000100111001000110000010101010011010110011
0000001111011001100000101100000110010001100000001100110101000000110000000100001000100100011100101010010000100001000010000000001101000111001011010010000001110000011111000111010110110011001101100100101101000100001111001101011001110010100100100011011000
0100110001010001011011000100001001111101010110101110010100000111110001101000100010000010110001111011101010011001000101000000010000110000010110011011010100100011000110100010010101000000101111000100011110100011010001100010001001011110010000001000001111
1110000110001010010001000110100101000010011101010011000110011000110100000100001100000111111000110000001011000110011110011011110000010000111010010001010010000001100000100001100001101000011111111000011000001010000000101000110100100000100001000010010000
0011100101100011010110011000101010011100010111100101101000011010111000011001001010000011001010010100011100010000111011111000001010100100010000100000001011001101011000000001101111001011011001011010101011110000010101001001100010101110001000101111000000
1010100001101010001100011010110010101010010001001110010101100010000001100010111111011010001001000100100000001000001010000100111011001010001000100100100110100010001011001001101110000110011010111011101100100001100111010010010010100010011110001011110000
1010011100110110011100100001101010001100010011111001101010001100110100110110000001001001101011101001000101101011010011001011101101000001110101100101100100011111110100110011100111010001011100011010011111100000110010001010000100000000100110011101001000
1001100110111001010011000010100011001011001000010001110100011010011010010100001000101101010100001010110011000100101100001001011000000100011100100000011001000001111010000101000001001011101101000000010001100110000101010001001100110011010110010000000001
1011010010010001101100010000111010000001000110010001110001001100010000110001100010100010101111111111001001001010011001001100000101110001000000100010001100010110010001111000011110100100110100000111000100000011010100110010110100010001100100011000100111
0110010100000100001000000101010101110101001001000011000110010000000100001000110100101101111101000100101101000000000110000011001101001011111111110110001111011101010000101110011111000000101001101110000100111000000000100110100001000111101000110011110100
0000000000100010000101111110101101100000010110010110000010110000000100011101010110111101000111110001001100011100110100000110001100000011000110001000000111110100110001110100110110001100001010000110001011011111000100011001101100110110111010000010101100
0011001000111010010101100001000000100010010001110000001000101000011000000001001000010000011010100110110000001100100010001110011001100010011100100010000011000000010011110011010000110110001011000001110110100010010100100010110010101000110110000001001000
1010010001100110011001110101101000001110001010100101101000101111111100100001010010110111000000000010011011110001110000100010010000000000011111011010000110000001011000001001001100000010000010011011011000101110000000111000011101011011001101000110001010
1000000101000010001010001100100111010000101010110000000000101111011000001000010001110100111000011100011100011001100010010100001100000001100011010111111101010100000000110110111100000000001110000010010000010000010000010111010100001110101110001110011001
0001001111110011101000100100011000011111010101101001010001000101001111000101001100001100001000100010010011010010001101110101100011000001011100111011010011001100010010101101100111110010011000010001010110101000101100000000100010000011000011110010110010
0001010000010111100000001000100000010111101110101110100101100011001000110100110000111011010000100010010000000000000101010010010100101100100001110000100011111011011101010110001011000000100101110010111000010110000001000001110001000010100001011001100010
1100001111010100010000110000000100110011101110001100111100110010000110001110001100110011110000010100011000000110111111000101101101000010101011000011000001101111000010110000011000101101000000110010100001100101110001001011010101110100010111001101111110
0110011101000101000000100010010000001101100010100000000001010011100100101010100001001001000010010000000100000100111100111000100000000010111001100000010001010110000110100001001011000101100100000101100000100000101101000000001101001010001010001100000010
0001011100110101001010111111110100100001010001010000000010110000000010010000011001101011110001101011100111100011111100110011000111101000000000100100001100101101011010001101001000010100010110000110001010111000000100000111010110101001001001000110000110
0000111010001110000110110101000110010101100100000010101110011000001101100101100000010010010100100100100000000111000010001010010001110010000010011011001010000110010010000101000110111000000111000100111011000000001011001100000011000111000011010001001111
0001001011001100010000001001111001010001010000101111000100001101101011100011010001111010000100000011000000010000101001000001101111010100101010100000110010100000110100101001000010100010001001100001010110010011001111110001011000111110000001110010010000
1010000011000000001100011011111100110000001011100010000000111111000000110101100010010010011110100000101100001101001101000100011011000100010111001001001010100000010100101111001100000110010001000001101100101001011001001100000111001000001110001010000100
0001100000000010111000001010001010000110000010010100101010000000001011101000010001101011011000000001111110010110011001000110111000100000010011100101000111001010000010011010000000010000111100000001110110101010111010001100000000001100110101101101000100
1011110000010100111110110000111010101100011100010101110001101000001110000010111001000000001001111011001001100001100000100110111001011011001100001100001111001100101010000011100101000000001011100101000010101010101110000100100001111101010100001101100111
0110111110100011000010001110110011000000001010101010010010000100001001010100100101001010000100000011100001001101000001101010100010101111000000011001010100000001001001101100100110001011011110100000010101101000010100100000001100111100100001001001010110
0000110100100010000011101101000100100001000010000000111011110001000001000001000010100010011001010100111010101001100010110010000100000110011111000001110110100110010110101110001100011011110010010000000111000000001011100111010011000101100010001000101010
1100001100101000000000001010100101000011001010100000000010000100101100000001001101100001000001000000001100010000100000000000100011011100101100000010000000010010001011000101100101000111000010000100001100010101100000100100000000001000111100111011111100
0001100000101011110100101101011010111110110101010000101001110011010000001001011110100000100010001011111000000111101100010100100010000011000001011001010110001011001011100001001001000000000111000001101111000111100000101001110100011011011100110010101010
0110000100100010111000001101001110100000011100011010100100001100001101001001100001111100000000001000011011010000111001110000000110101101010101111110100110100010110000010000110101010100100000100010010001011100000001001000111011110010001100001011001010
0000010000100000001111101111110100111110111001010000011010001100001000110001001000100101000010010100001110000010010011000001000100111001001000100101110000010010101011100101010000001001010010000110001001111001000000010110111001001000000110110000011100
0001001001001000001011001101000100111101111100000101011011010110111100001001000100101100010000000100010000011010100011000000000101000110011000110000010000000100010001100100010111101010100100101000100110011001011000011011011011000111111001110110000001
0000110100101111100111100100011001001001010011100110100000001000101101010010010110010001011010000011000011001000010000101100101100100001001000001111100010011000110001010110111001010011101010010010101100101001110000001001011011001110100101001000100100
1110010011011011000010011010010011010101101110000000010001100111101110100001100011000000111000010010001000101000010010011000001100000110000000000001010110100100000001100010000001110010101000101001000100001000011100000011110100000000000101101010101000
0000110100100001000100001100101101011100001100100001101000000100101000011100001111010011110010111010010000011110101101101001110101000011100101111001010000010011101111000101000001101001111000000110001000100001100000101010101000100001000110101010001111
0100001010100001001110110101001100100101000011101000000000000010001111001010010000010010010000100100010000111100101100001000010011100011010001011101001000001001100110010001111000101101010111000111001000011110100100001100100000011001100100000011110000
0011110001100110010100011110000010010000001111000000000011000001011000000111000101000101000110111001000001101000001001101100001100000001100001000011100011100011100100101001000110001110000100010111010011111100000110011111100011100101011100000000001010
1000010011100100110000100000110111000001000011000000000000101010111110010101011001111110000001110010010010101110010110011010000100111011101100110010001001011100100011010101000010001010101100011001110100100110010010110001001110011101000010101000011110
0100000001000011010100100001010000100010111110001101000000011101000101111100000001011100010100000101001110001010000110100000111100001000110001100011110000100010101101011011100000011001001101000100010110101110101000010101001110010001110011101000111100
0000001001001111010011010000110110100010001101001001011000111010001010001111010011001000010000101001000000101110100001000110011011101001100100011101001011010000001101111110001110010000000100000101010111100010101011011000000010110011000110001000100100
0011010001100100011110111011100011000000101110010101110000000100111001100111001011001001010001000101010011001001010010010000101011001100010110000001000011101110000110001000100010100001000101010010100011011001000111000011001100001111000101101011011001
0100110110000001111011011001000100000001001110000100111100001101100010000101001101110111010001011010110010001110100111000010001100110001011001111000100010000111100000100000110110110110001011101101000001100000111101110000001110101101100000010011001011
1010111000100111001011111000101111001000011000101111000110001100000001000110100001111111000101000001001001000101010010000110010100100100111100100010110100011100010010111000100001111110100000111001010101000001110010011010011100000001001111110111110100
0110001010000000000000010010000110011000111011001000000000000100110001010000000110100010010011000110111110010000000100000011011011110101000110110010110110011011000000101000101010000000100000001100010011100001101000000001000010010010110001001110011001
0000110101100001001101101111110100100100011111101111110000010011100001000100101000000000100010110001001001001001011010000110100100101110000000100000100101011000101101100100100101001011111000100000001110000010010000110011111000011000111110000101000011
0001100101101101011111101111000100001100001000000000000000111011110110001001001000110101001110100001001101110000000010111011111100001000001000000110101001110101101100000000010010010111110010000100110010100101010101101001110101001011010011011010110010
1011001111110101110001001011110001000110100000001100001010111001001001001001101100110011011101110010000010101000001000000011101110010010011101101000111011001010100011011110100000011011101000100000000010110110000110100011100010011000010010111111000010
0010000010101100111011110110000011100011110000010000000101101000011000000010010011001010001100010101100011000010000000101001100010101011110100000111010010001011011110011001010010100100010000100000110011101100011001010110001101000000010011010101000100
1001111011100111000100101000000100000001100100111110001011001100011101011011101111111000011100110100000000101010101000001000110100110000111000000100000011001100111100001001101110000100101100101000001101001111101101010100010001100111011001001100001000
0100100101111110010000111010100000000000010111000000001100111001100111000101011001011010100010100001001010000000000100001000100000011001010011010011101010100000110001110101010000010010101000000000101101101111010100110010011110111000100000110010101001
0000100001000000000100100000110011010100111100001101100111010010100010110001000101100111010011011011110011111010001000000011011100110110001001000111100101001000101000010000011000000000011111001000100001000010010111110101100110000001111000110011100010
0111010101111111100000001110010001011111100000100000111011000110010000111100011111000000100100001000000101100000001011101010001011010001010000100010000010010001000001000000101000001110101100001110100000010000010101101011011101010000011000110001001000
0110100000000110010000111100101110000001100001000010011000001101100000110000001000010101000011010110000101011000010010001100100111000000010100100010010000010011011100100010000010101101000111111111101101100010011001000000010000100110000000010001101000
0000111110001001110011010000001000011100000010010100111110001010001010000101001101010010000111001111011001000000010010000000001000110110100101001011010100000010010110000010001110000010110000000010100000100100010101100000010000111101011001000110110001
1011100011110001100000000111000000000010001000011000001110111100000011001011001001111000110101110010100111011111100010100010000100100010010010011001100000110000001001000001101010110000010010010110001010000010011110101101011001100100110110000010000100
0000111010000001000001000010010110011001100001010111110101001101001001000000111001001100000110010010111000000100100010000010010011101000000001001001111010000001111101010110001001001100111101011111000100100100001011010010000100000010111001101011110000
0010011011101110010000011000001101011110000101000010100111010000101111100111010000101100011000100000001111010101111111011000010110001100010000101000110111100001001110101000000001101010101100001000100010010000001000010001010100000010010010000111100000
0010000010101010110101100000010011111000000100100111001101001011000010001000101100001010011100001101000101110011111000101010000000010100010100001000101100010010101000010001101001100010101111110110100100110110110101011010101000101110111101100011010000
1000110000001110011100010011100010100011100000110001110101000011010010000000000100000110000101001000010111010100100111010111010101010101100100001010000010010001011110010011010111000010011000100000010001010010100101010000001001000110001011000010011101
1110110000001001010101000101010010101000001101111001101011010111001111000000001101101000110001011000010101000110010011011010011101000110001001100111100001101000001111000011010000111001111001011101100011100101011011010001101010000011110111000110011000
1100000111110001101010000000001000000110101000110000000101001110100011000111001010111100100101101110010110001110110100010100101000011001000011001111011111010010100001010110111101100001010000110111010101000101010101000010110001100000010010100001000110
1010000010000010111110101110010001010110011111000000010001001100001011001000100011111001010001000000101110010000100110110110000000010111100010100100110100011100010101010001000000110000000101011010101000111010010000101000101111010110000001100100101111
1011000101001110011101000111000000010100111111010100001001100001110000000101000001010010101100100001101100001011001011100010000000000010001001100010100100001100100110001000001011001100111010000011100010001101011110100011010100110011101000010010011111
1111101100011111100110001100011000000000010010000110101100000000111000010010111000100010011001101010000011110101000111000110001100010111101110000110011000111101110100000000000100001101101001010110010010111110111011001000111101111101110100100110010111
0010000101100100110011011110000100000010000101001011011100101110010001110111100100011000001100000000100110011010100001100001101101010110100011001101001101000100100010110101111100011110100011110100010001010101110000100011001000111010010100110010010000
1100101011001111001001010000010100011011100000001010100001001101101100011100101000101100101000110000101100100101100011010000111001010011000001100001111001111110100001010011011111000010000000101001000011111101010100011000000101010001010000100011000010
0000010010000101011000100001110100011010001010100100101010000000000110011110010100010100101100001011010000110000111110000011010011001100110010000110110110001101100101110010000000010011001010011111101010000011011000000001000010010000011100100000011000
1001100110011010111000000101000010010000100101010000100011101110101110100010100000000100000010000000010110000100100011010001100110001000000000001010000010000010011110000000100101100010000011110111100100010011111001000011110001010100101000101001001010
1001010001101110101100000111100100100010010000000011100011101101100010100101011101000000011000000001110000010011110101101100110011100011001001000011110110100101000010011000010101100111100001000111000010001000000101011000101000001100110101000000100100
1000001010100001000111000110010000000001101010001001011101111100011000111011000010110011011011000100100101000100101001000001000011001101000001100110010001100000010001010101001110000111101100000000011001100010101100011101011010110001111011011001001000
1001101100111100000100100011010100110101001101111100001010111111010000110010000000100000011101010001110010100000110100111001000110000100100000011101001110000100010110010000001100110100000010000010001000100000101100001110000011101101100010000100101011
0001100011010100111011011000000111010101000110011110010100010110000100101001000011011000110110101011010110000110010000110010100000011110011001000001101100101101111111100110000000000100010001100101011010001100001111100001110010100001001110101001110010
0000000010010110110111001000001001001000110010010011000100111010001010011111110001010010000000010001111001110010001101101011011111100110010100001000000110100100000001000010010110010011001000010101110100011101010000111100010001001100100111111010010101
0000100001011100001011000000111000000111000100001011111000000010101001000100101010110001000011001100100110010100010010010000000000101110100001000010111101111000101000011011001001101100000111100100101101010000000101101101110010010110011110011101000000
0010110100001010000111010010100100000110000100010101010110010101110000001111001000100000000011001010010010100100001110101010011100000011000010001010000100110111010111100110110011101011101011010001000100100010000011000100000000100111110000001100001001
0100101011000110010101001110011111100111000101001110111001100000110001100010000000100010111000011100001101101001001001000000111000110000100000101100011100100100100000101000100101100100000110101100000010001101110101010000100000001000010010100010111000
0011111100100100001111110111000011000110001011000101000100100101010101011101111000000000100101110000110010100001110000100001000001100101110000000100001110100010010101001101010111011100100000000000001011010110100101011111101001101101110101011101000010
0111110000000110100000100100011010110011010100011000100010010100111110000110000000001100100100110100001110010010000111101010100110000100011011000000111110100011010001101101100011000011110000101100100001001100010110100001001001011001000100000000011000
0111010000000001011100100011010000001010101000001011001100100110011000100011001000011010011101000011000000000101000000010111001110000010010000100000101000011100110100011001000100011100100000111011100000000111000000101010000010110111010110001000010000
1101100000111111011111001110010110110011011001000100100111011000110000000101110010001110000001000100011100100100100110000000001000111100000000000000000011100011000100011010111100110011010010011011110000100110010110000100001010111100000010001001001001
0111100010110000011101010000101010000001111110010101001011010100000110001011010100001111011011000011000001000100011001000000001000001100100000111101000000001011011010001000000000000110010100100110000101010110100010000110110100100111001111001010000000
1100011001100110100000111001000001100001000101100111101011000010000010111101110010000011111000000000000010000001111000101111110000010000000001100011101000010000011001000001000001111110110001000101110001000010001001000000101000011001110011110100000100
1010000110100010010010101100000001100011011101001000001111101011011011010100001010011010101111101000000000101111110011010011010110111010100110011100000000001000000000001000100000110001011000001100000001000010111010101100111101101000100010010001000011
1000011101000110010000000001000101000100001101100001101001001001110101100011101010000101111011100010010101000011000010100100100001000101001010001001010011000011100010010011010101001001011100000011010010000101001100000010010000000100000001001010001000
1010111010001000100101111110011001110010101001101100010000100000100100000000111111110101110101010011010010001101010110000010010100101100000110011001000001010110011001001001100010001010111001101000000010001000110000001100011000101000110101100010011010
1100101100000100000011110010100010000010001101001101100111110001001011011010000011100111110001010010000100001010111011111100100111000011101001111000001011000100011100000001000110010100110110100101000110110000000010000000000100100100100001011000000000
1001110110000111101011101011100010011100011100010100101000000010001100010111110111100100111000110110110101011000111001101100100001100000011101000010101100010000100110101100110101101110010001111000100001000000101000101100001111100000101100110100001101
0100110001110100110001110000101000000100001001010001000101000000000001101100101000100011111100101110100001001000010111100010011000011001000001101000100000111110111001000110101000101110010001011110000011110111110011110100100110101110000111000000000000
0110000101000010000001000001100010101101000010111101001110010000001101000101000010101011101110001011011001011010100100000100101001000010100101000010110010001011111011111011000100000010011000000001000101110000100110100111000110010100011101101011001001
1000101111111000101000111000000000101110010000111011110000010100000010101000011101010111101110100111000100100000110101101001000010101100011011000010000100101000101010011110001100000000101000010100111000001100000100111010110110000001110010010101001011
0000000011000100000000100011100100100101000010110010110010011100111100001100000101100110010000110000011101001001011111000000001000001100010010000001010101111010101011001111010100100101001000001001100001010100100111010001001110110110100100000000001111
0111111100110000010100010101100101010110000110111110011010101011011110011010101010000001011011011111110011101100101001101000000011011011000011110000101101001100001000001011010110011101010000110001011110101010111110001000110001100100100010111000000101
1100110111000010110110100001000001100011000111100000101000000100010101011011010000111101010100000101100010100111100110010000010000101010001000101000111101011110000100110101001011011000011000011001101000110100010101000001110011010001101101001001001111
1000010111000010010110001111101000111000001001000110110011000010110000000001101100001011110010101100010010000010101100110000100101010110001100101110010010001001000010001100011011110111001100110001000000100000100111000001100011000011111000100100001100
0010110000001110000101001000001010101000100010000111101000000000101001111101000101010011000110110011100001011100000101100010010111010111000100111000110111111110110001001010100010111001010011010110001100001001110010100010101010000110011111110101000000
0110110000000110000100001000000111000010100011010000001010110110101000010000010100010010001000101001001000010100001111101100010001110001001001000111111000001010011111110010000100101010100010001001101001000000011000000010100000101100010100011101010001
1001010000001010100101101101100001110000101010111000010010101110100001010001100101000011011111011001100100100000000000001111100100101010010001011001011011100111110011010010000110010010011010100100010010100001000100101001001100001101001010100011000111
0000011101000101000100110000011001010100101111011100110000001010000010110101000000001101111001010010101000010100001100011010100101111000000010000010101000011001001001101111010000010000010000000011010000011001010001011000000000100000101001100100010101
1011011010110001111101010100110110001101111010010011001100100011101111111001000010100011000000110111000010100000110110100100000110010000010011110110001111011001001000111000000110000010001011010011010000101010001011100101001001110000100110000000110010
1110010110000001110000110010111110011010011001011100101001000000000110110011000000010010001000001101101001001110101000001110100001110111010001010010001001001100000010010110010000011001000001110000111101011001100010100011111100001111000000011000001100
0000001101101000101011011001101010001100101100010011000100000000001100101010000010011101000101000001111000000010110000110000001011000010010011001000100000000111001001100000011011111100011000000111001001000100101000000001001000111100010001100100000110
0100110010001011110101100110100000011110111110100011111000010010000010001000000001100110000000111001101111010101001010011000100100100011001011001000010100001110010001101001010100000000011101000110001101000111010001011000011110000000000101111001111110
0100110101011101100001010110000101110000000000000011011110110010111110001010001110000110001101101010110101001000001010000100100011100100011000000001101000011001000000111010010010000001100011001100000110100101000000100000101100001101010000000000100001
0100110000000100101010010100000001010110000100100000100101011011001101111010010001001100000000101101010101001000100101000011000111110010100100011001110110011101100010000001110000111100101001101111110011100110010110111010000000110011110001000110000011
1100000111001001010001010100010000000001110000100110000001010001000000010100000001100101001101000101000010000010110101100011001001111100000100100110100010110011000100000000000001010001110000000011000010001101111001010000110000001100000101000101001000
0100010000000010011000101100001010110000011000110001101010111011111011010001100010100010111011110100010110000001101000010011011010001010000000010101111100100101010111010010010000000000111010010001011010100010100100010110100000111100000100000111101000
0000101011100001000000100011000010010010101010001000100000100101010100011011010000110111000110110000000000110110010010100001001101100010000100000010100001000100001110000100100100001011010111010100111111000001110100100001001000000001100001101110000011
1110000101101010011010110000100000000111010001000001101101001000011001000001001010101100000000111101010111101101000101010000001100001000001010010101001010010000111000101111000011100100101111000010000000000010001000001000001010010001111100100100110010
0011000010110000000000010100011001100000000000000000000011010010000010011001100110010101000001000010010100010100011001101110000000001001000110111110101000000000000101110111010010111101011000010000110000101011000100011111000011011000011001000111010101
0110011000000101000000101010000001010001101001000010011001011010000000001011000101010101011100000001101101100011010000011111000000011011101111010011011111000110001000100001110000000101011010001111000100011100100100011000000101000010101000100100010101
1000011000010000101111000001100010001101001000110101111100000100111100000110001011011111100001001010011100000000000110100111110001101000010001000010001100000000011001110010000000011010011011100111011011000100100010010110001011010001001001010111011000
0001111000101000001110001000100000101001100001010110100001001010010000010111100100010000111001010010101010011110110100110110000000001100001001101001010001011101111100001000001100000000111000100000000011001100110110101001010001100010101111110011010011
0000000010001010000011000111000010010110001100010000010100011111100001010010010001101001110001001000000000101001110110001100001100001100000010011111011100010100011100100010010000001011100110010110000000110110000100110111000100011101010001000010000101
1010001100100000001000000110000101111011101000000001100010111110000001100001100001111101000100011111001110001000010111001010000010000000111010010101111101101101011100101100101001111100001010011000101001001101011011101101011011100000010100100001010010
0000000001111010100000110001110001001000001000000100010011010000110100011010010001000110110011000010001001001010010010010110000011010001001001100100110111010110000111001110001011101100110000101110001001100111100101110011010110111011011010011011000101
0010011001010100000011001100001010111000111110000001101101001011101010000100111101101100000001011000000000001010010001001010110001000110001010000101010001110100110010010101000001100111111001011011111000110110001100011100001001101001100000101110001100
1110001110001010110010100100111011100100000011100100000100001011110000010000001100000110110101110101000100100001000001101000110001110110000001001000101111110101100100001110100011010101001001011101000010101011011001100010011010110000111001001011101111
0100010111001000101010111111111000000010110001001101000011100100100101100101010100001100011101001001010111000101110001000010010000001000100000000110100111101001000000011010000111000010000101000101111100011000011101010000010100100011010011111100101000
1100110001110110010000111000111110000100010111001011110110101000100001000100101111001011001001000000100110100000001110110001101100101001000110001000100010000010101000010001011001110111000100101010001110101010001011101001001000001000000101000001010100
1011011101001000111100110100100111111111101011101000000100010010000001100101010110110110111110000110001011000001110000010000000111101100000011111010001010000001001000100000100000100000001010100111101011000110110100111101011110101111101000000000101000
1100011000111010100101011011001101011111001110010000100100011110010011010010010001111000001010100101000000000110010111101000001011000011000010010010011010010001001100001010000000111010000011100111100110001001100100000110001000010101011000100011011001
0001010001110010000001001101011001001110010011110011111001001100001000001110100111111100100011001110001100100100000000100010011000101111000110001000001100010100000000010000010001000001000000101001100000001101101001100101011110101110010110001011001011
1100000010110000010111100000000010000110011000001110110010000001011111001100000100001001011010010010000000100011001001100110101100010101110001101010000000100010011111101101100000001111011011100111011101101011100010001101001011011000001100000000010000
0001000011101111011100101100011110011010000110000010000110001000011010000010011000000011101010110011011100100110000100101110000010011001101000010000010010010100001001110011000100001000001000111011000110000000100110000010011011010001110001000000000000
0101000010101101100001110010000000000010010011010101110000100100000100100010000001010110100100010111010000000011100110000000000111010001000000000110101001111000010001111010101001001010100000010011010001101010000001001000101010010110100101101101110000
1100001010111001110101011001000100000110101100000100001100011110001000000001000001100100110100000000000001001000001010101010100100011110001000001010101000011100010001110110000101111000111000100010111100110001011110100100100000000000111001000000101001
0001001101000001010011001010001100000111010000011000001100001110011010001100101101100101011011101000001010000100000001101001000010011110000001010100110000100000011011100101100100000101000101100001011101111111111001110011001011100010001011010001111000
0111001110111001100110010001100011100000110000010100101001101100001000000000100010001101101100011010010011001001001110000100111101001011000010101100000000100110100110110000100011111000001000001001111101001100000001110110010100011010010000110101000010
0001110100010100100101010011000100000010000000100010110000011110000000010101001001010100111011110010000010111110100100001110011001000001001111010110101100010101010010011111000001101011010001010111000010010011010000101000000000101000000000011110010010
1010000010100111010111100000100111100000010100101001011000111010001110000010110110000000000001000101001100000011001000000101011110000010000110110000010000011000001100110100000100011111111111101000111000010001000001110000000000011001100110101111010100
0011110010101101100100001000111001000100001100111101010010010101001011010111000011111010111011001011000001000100000000100111100000100111000001101001110111000110010101001000111010111101001001100010000000000010100000100010100011000001001000000011010101
0111101011001000101111100000000100100001010011100010000111000101000001111101011010000100001011001001001001011000101001001001011001001101110111010110011110101111001011000100000000010110000100010001100001001000110000011010001101001101000010000000011100
1110101100110111000011100000000000101010010001010010111101100101001100000000010101101010010000101001100000000001000110111101011001010000100000100110011010000100011000010100100100000001000111010010010100001110010001000001001001000001000011111000010010
0010000000100100011010000000000011000111000010000001000111001000000110110100110001100100000101011100000000001110101101100100011101000000011000000010101011001011101110111101101000001001001011100100000011111101110001000001001010001110001111011110011000
0100000000101001111101100101101110001111000101011000000010001100100100100001010100101011101011011011000010000101101000010010000100000100010011000000000001100001100010101010100100000000101000000110100010110000100000001101100110010110000100011110000100
0100100001001010111101101010101011000010100000000010101011100000000110000001000000000100100111011010010010011000011000000011010101010100000100100010011000000010000001000101000011110100101011010000000011010000010101000000111111101110100010101000001110
1001011001100010011000001101101111000000100010110001111100000000010110110000010001001111011001001000100000110000110010111011111101010100100000100100010100011000010001001000011100001010011110010001101100011000000111110110010100000000000100011100000100
0000001100101000111101100000010000000100001000111100011001101100001001101000100100000110010001101110010001101010100110010001010100001000100001000101110010011010110000001100110001000100001001110011011100011111000100000011000110010000100000110101111010
1111000110101101110100011001101010010001100010110010000111000001100100110010010000110100100000000000000001000100011100000010110011111100110010011000000000010011100000110110000001000100001110010101001010111000001001000001010101111000001011111010100101
0000110000000010111111111100110110101000000001111010101110010100101100000100000000110010100000011111101100100101100001011011010110100001011000100011110111100001101000001010100010100001010010000011100010011101000101001100101010100001000110011001111000
1000001000011010001000110011000110001001110010001111001001000000011000011101100000001100101100011101001100000100101111000011100001100111000111111000100101010011111001111110011011110110110101001010111110010100001011000001011000111101110001000100000100
0100010111000100010100000111000010110010011110100000001011000001111000000010101010100011000001001101110000011010001100111101000001000110100010000100011001011010001010000011100000010000010011111001001000001110001010100001000010011111000100000000101010
1101110010000001110010000111100100011001110011001010001011001110000100001000000101000010011001000000001010001010111000000101011111000000100100000000001010110100000001011000000000001011010000000001011100000001000001110101010110010110100000101010000111
0100100101000000001000000100000100100010101010110010101101010110000101010010110111100010111101011100011001100000100100100000000000011101000101001000101000010100111110110100110010000010111001101111010101000111011100001110100111010001101100000010010001
0000100010010010100101010100011000111010000000000111110001010100100010010010111000001000011000110000100010100001001101110010101111000010001101111010011010100101011101000100001001010101010001011101100000101001101100001010010010011101101010100101001000
0100000011010001110010000010010011100110100100110000100010100000101101101010110110001100110101000000010111010110101110000011010000001001000011000100010001101111100011011100110100010011000011100110000000001000111000011101111000001011110010001101011000
0100110010010010110011000000010001000100000001110001100001011000001100111001000111101010001001000110000000110000011101101010111111000000010011011101010001100111010000110001001000000000100110011100101010100011100100011111000010100011100000110011101110
0101010110101000001100100000110111001001001111100001101100000000110011001001100011100011000101001001110000100100000100011001000011010000111100010000100001101101000010110100010111001110001000000010100010010101011101001001010001101001010010010010010111
0001100101101100001010010100000011100011110001110100111100011001110011100001101101111001010100000111000000011000001000001010100100111001000100000000000111001111001001110100000001001110011000011100010011000101000000010010110001110000100000011010010110
1101110110000100001000111010111100100010000000110110000101000000101000100001011101110100100011111110100101111111010111000000101110111111101000110101101010010011001010001101100000100000010010100001010110100101011110010000001000000000111101100010110101
0100100001001110011111010001010001000010100000111001100000010001001100010110001010111010000101001011000101011001100011100010110000100010100011100111001010100110010100001000011000000100110100001000010110000011001011001011011001101010111100000101000011
1001010011100101111001010001011000100001100001011001000100000100001011001010100101000010010101100010100000111011001000110010000010001111001100100101011100010100100110101000000000111010100110100001100101010111110100001000101011110100111110110000011100
0000111010000010110100111111000100111000001111010110110001000110000000100010010000000001110001000101100000110010000010001011001001100100011001010101000001000001100110010001100100110000000111001111100100000111100110101110001001000000011101011101001100
1100100000001110000011000100010000000001000011100010100110101110110100001001100001100111000001100001010011100101100000000111000000110000111001111010001100100010010110100010101010000000010010010010010101000010110001001010100000110000011110110001100100
1011110001010010101010010100110111001010110000010101000100101101100100000001111001000011100000101110010000101110100100010000000111100101010000000110110100001101010000101000011111010000100111011101000111100000010001111110110000100010101100000000101101
1010110011011000101000000000100000000110000000000001011111010001001000001001001000010101001100100000110110011110001011000001000101000111001000000000010001000010110011001100101100111001000010100010000110000001011000101000010101000001100000010000000010
1010100001000000100000000011000000010010000100000101110101011000111001111110001100110111100010000001100011100001001010000100100000001101101100101010001000001101001110001010000101100000000010110000100010000001011100110101011110011011110101111000001101
1100101000000100011100000101111111111001101110000100110000010000001000100100100001110010010100110110001100100010101001010001001110110101000110010000010011101100000001100000000000010000001101001110111001001000001010010001111000000011010010000100100101
1001101011001010100011101100000001100000000000011000100000000011010011001110000100000101000100100001010010001110111010110001001101101010100000000111000101000000011011010101100000011000001010000001001001000100010000100100001110001011011100010000110001
1000000010101000110000001100011000110001010010110001010101101011110001100111110010100011010100110110010000000010010000001100100100000000110001011101100010100000000110100000010000101000110000010000000001000110010001000100001000001011000100010010010100
1111100011011000000000000101100011000100110110000001000110001000101100011010010010000010100011001100001000010010001000000000100010111101111111010100100001001011010001010100011001001000101000011000000010100000011000101110100001010110000110001010000011
0001010001001110000110001110000111100010001001000100000100000111100100110101100010010011011111111010000001000011001111100111001010111100001010001001101100010101011110001100111110110000000100010101110111100000111000001000101001001100001101001100101001
0001101100011001001000001100000001001110100101010001000110100100100101010111001001100000100010000100010100000010010010001001100001000001101000001100000111110000100000111111001100011010010110001111000000110001000111010111100111001000000011100001110000
0111000010011100100011001010001101001000101100000011110111000111100011000110111010110101011011110101001101000101101100111011111010100001010001010000010100011110100010101011000101000111001000101010100001000001110001010011010010010101010000001011111111
1110000001100000011101100001100011100000001101000001010110111001010101111010100000100010000100110010001000010010100100111100100111010000111001010001001000000010001000000101000000110010110111101111110010110011110001010011000010001001110010100111010000
0100001101100100011110000010110000010010000101010110111110010000101001010110001000010011000010100100001011010000000000101010000000110001100010110001110010110001000100100011110000000000010100111000011011100100110100000100110001000101000100010001100010
0010001010111011101111010010110011000001111100010000011010000111111001100000111100010100101001011101011011111000100000000000001010010001110000101100110000010000101110011000001011100001101000111100000000111101000110010001110100000100101011100001000100
0001011010000000110110001101011101011000000000010101111010010000110110000000000100100100001001011000010000000111110000011000001000000010000011011000000110010110000101000000100000111110011100000010010010000000011000101001000001001100001001010101001010
1010000000000001001100000010000000100011111001101101000100001100111001111101110100010000010010000000101000000111111100000110000100001011010010101101101101111100000110101010010001110100000101001001001010101001011000001011010000011000001010010000000010
0100000011001100010010010001010111000010011110100100010100010000110010100001010111000000001011001101100011111111000010001110011001000001001110100010110110100000000000111010010100010010100000111100100000000100110110100001010011001000001001100000100100
1101001000001110011111111111000010000000110100010011100000011000100100001010011100010001000100111010001001000011110111010001100111101011101000001101001100000011010001000110010101001110010000001000110010000111000100101011000000000111100110100011001010
1000111001100010001100001110000111101010111111010000010011010010110000000011110001111111011110000010001000100000101001000101011000101000100101100110100101000100011000100000110000010000011001010111001001010000100011100010101000110010100001100100001010
1000000000100110100010000000010000110101110000000100001100011110110110010111001011000001100100101000000010101010010000000001010111010010100001010101010110001000001000110000000110101011100000011100010101110000000001100110000100000010000001000011100010
1001100101000000011000000010100100001100111100010011101101010101101101100011000010101000100110011110111110000110001111110010010100000011000111000101010100111001010011101000010000000100111110000000000100111100101101010101101110000100100110110010001010
0000000011010000101110011101000100000011000010000001110101101111110101101100101100010100011001001010101111000001100000000000010000001101011111010010000100111100110000110101100011110100001010000000010000001111100000000010010101110100100111000011100000
0001111010101010100010000001011010111000000101000000110100100000101101100100100001010101000000010110111000100111011111111010010000101010001011001000001011100100111000100001000101101011000011100101011010001001001000100001000101011001011010010111110110
0110000011110000011000101101000110000101100100001001100110000100111110000110110100100000010100010011100000000110100100100101110100001101000101111000110101101101010000110111100000011000000100010101001110010110100111111111100000110010000000000001010011
0000001011110101001100010000000001101000110110110110110011101100000110111000100001010001000001010001111000000010000011000101011001010000011110010111000001010001000100001100111100010010010010101000110001001010100000001000011111000110110100001100101100
0000000101010100000110000000000001111110010010000110000101001000010111000110010000000000110100110001010100000111000000001101101010011100111010101000010001110101000011010011111001001011000101010001000101010100010010100110000000000101100111000000000000
1000110001010010010101110010100101111000001111100100010000000001110110001000010001011000101011110010000100010101101111010011101011010111010000100110101010100001000000101000101100011110001010110100001111100001001101010100011100011010100100110000001101
0001000100010010100100001001001000001000011000111010111111000001010110100011001011000000110001100110110101010000001100000101110000001000100001100100100000001100010111110011010001100011010000101010001110010001010101111111010100110000000110000011101000
0110101001101010101011000000000010000110001000100001110001101110001000110101101011011101001001111011110001010100011101010010000001010011000000010001011000011011101000100010000111100100101001011110000001001000000111000000111011111001001010111001111100
1000100000000111100110100110100010000000010101101101000101110000100000000101001000101111010001000101010001110001011000010010110011101010100000010111011010100110101111001101000100000011000101011010100101000001010110100001101000111100011101000011110000
1011100100001011001111001010110110000000011100101100100111000110001100010010001101111000010110011000100011011011111110101011000000100101101110100110110000011000000000100011100011000001000010001000001011011111000111101011011001110101110011011100101100
1100000011010011010101011110011110010101110010110000100001100010010001110001000010001100001011110010011000101001010001001011000001001100001111101110000111001100110001100000000000000010001000100101000000100010000100111000000101001010001010000111000011
0001101010101000010110001110000001011000010001100011010010110110111001100110110010010000011100001001000101011110100010101000000001001001111010101001000101001001001001000100110000001011010100000100000000001000100001101000110000100011000100111001101010
0000010001000100110010101000100010010000011010110011000000010010110010101111110110001011110010010001000101010100011001001000010000000011000001000000000000110001100101000100100011010111101001100101000100000000001011001100110100101000001011001010100001
1100000110001001101001010000101000111000011000101001110111110000000010011101101100101000100010101000000011111010000000000001010000001100101111110100100000010110000100110101110000010011010101111000001100001110100101010001100110000011011111001000100101
1110110110001111010000010100010011000110001110000000010000101100000000101001011001010010010010011100110010010011010001011110000000000010100111111010100010110001001010100100010100001100111100111111011111010001111100001111100000100000001000100001100000
1101000101000000000100110110101101011100001001000101011101001110110000010000111000000010011001100101100010010000100100100000011010011011110100101011110111010000101100010101000100000011110111000101001111001001001101011110001011101000101110100111100001
0110000101001011101000110001010010100100100101000010000011000100010111100100001101110000100000011001010101000001011110010011111100000110001111010001010100000111110100100001101000111000000101100110010101000000010000010001000001010101110001100101001101
1000101010000010101101110110100010000100011001100000000001011111001111110001011011000011001000000101010011000001101100010110010001001000100110100000110010000001111000001100010010101001011100000100110011110100110011000111000011001010000100001001010000
0001000100001001010000001011001010100110100010000110000110110001110100100111111101100010010110001000000101100111001110011000001110000000110101100001010000010000000010110000011101001110000010100001101001010001000000110011001111110100010110011110001010
0110100000101100111110011101110000110000001101000111110000000001000110011001010011001101101100000110110000000111101101000001000100101000110001110100001110000101001111011101000100000001000111000111010110011010101100111001100100111100110000110010010011
1110111000000011011111010111111001011001010010000011000000001000101000100110000010100010000100100100000110101010010000110010011010111000111101000000111000100011000001010011011000010000101001110010001010001111010000000111001000000001110010010011001100
1000101001011010001100100010001100000001000000001011010110111000101100100001010101000000000001101011001011001010001010101010011001000110110111001110101000111011100010101001001000010000001000101111001100001010100000001110011010100010000000010000101001
1100111010100100000001100001000001100011001011110100010110100001101100110011100101110010110101001000101101100011111010100100010001001011000110001000100000110000100000000100110011001001110101000001101001000101111000011111000000101011000101010011001010
1000000001101100001010011100100010011001000011100101100010000000010110111110101000100001010100010111001101010101100100111011110001101100101110010001001101010000111000101001001001000001000110100011100000000001010000000011000010100110000001000111000010
0011000000000100100100010000000101100110010001011000000000010100001100110001010101000000010000101010001100001010010000010111000000010110100111110100000100101011010000101011001011000000000110101110010011010001100010010100001011011101100100010110101001
1000100110011111100000010110111110001000011010010000001001100011011010011001000010100111001110010110000001000010000101011000100100100100000010111110111001000100001100111101110101001110000001101001100010011001001000000000101101000100011001000111010100
1010001001101100000011011000100010011001000110010011001001010000000001011100000110111001100100011111010100101000000110011100011001111010111100101011010100010101011000101001110000100110000011000110100001010100111010010100111001100001111110110101001101
1000000000101111000011110000001001000101000001101010000110100011010101000110001001000111001001111000111000000000100011000100000000000001100011011100101110000000100010100010110000110000100110011000100010010100000000010010100100000001100101000100111000
0011110011000010010100000100111101001010000010111000000011001000000000011011010001010010010101111100001001011001100100100111010101000000000010101011100110000000101010010001010111000000111100010000101110010001000010101001000000111101100011001110100101
1001010010010111100110100000111000010111000010100110110001100101011010101110100010001100000101101000111010000001100000001000110000101100110101110000011011111110001100011001110110000110111000010000100011100011101000100100001010111011110010111000000100
1010000100100110010011110110011010001110011110001010100000000000001000001100000001000010110010010110010111010000001001000010101010000000110010110001001000010100001001111100011100010000010001111110001101110111100011000110001100000111000001000010011011
0111100000101000110010100010001100101000000011000100010010011001000101111010000110110100111111001100000001000100001110000001110010101100010000010000000010111100011011110011101101000001111010100001010010001100001110001000000101000001111001011000000001
1010001001001101110111010011111001001110000100110000010001011001000100100001100001110100110001101000101101000111100010011001101100000001100000100000000000000110010111000011110110001001000000100011010010000001000000110010100001111001010001101100110110
0000000001000010000110000010001100100001010101000110000001010011001111011001110000011000010000000100101101011010100101010100100100010000110000000001000011000011011010110011000000111111010001110101001001010000001110010100000000111100010111001000110010
0010001111011110000011000010001101000111010000101001010111010110011000001011000000100010000000111101110001010100010110010110100111000101000011001111001010110000110001001100101101101110010110111000001101100100000110001010001001000011100001000101000110
1110100000001010010000011111110010001000000001001000001010110001011111110001010010010001000000001101001000010000000100001100011110010111111111000000110101000101010100001010011000111100100010110111101101000000100001000110110110101001101000000000000100
0000001010000010010100010010110011111111000010110010011001011000110011010101110101101010100000100011001000111100001010000010101000110110000100100010000101110000010100100000111010000000000010100110000101010000101110000010111010000000101100101110111010
0101101000011100100101101001010010011010000000101010000001000100100000111110010000100111001101011100111010001101110010110100100110111110000100101110111000010111010110000110000100000100011100001000000001000001100000110001001111100010001100010100100110
1001111011001010010000001110000100001001001000101001000110000011010100000110001000000010000110000100000000110011111101000101001111001110010101001001000001010000001100001000101110011000010000001111100010000100000001000110000010010000000001010100011000
1010000000011110010111000000100100001111110100100000100101000000100001011110001011100001010101000000001000000000101010001000111100100101001010000010101000001100101011000011001011100000101011110001100101100010010001101001100011101001100000000100110100
1110010011000011111010001000010100011110110000101100101101010100101000101011010100001010111100000011100001000101010011011000000100000101001100101100100011101100100000111001101111001010110110101011000100110001010101011110010110100101100010011011010110
1001011001110110001001001001011011100010001001110000010010101000011001100001011010110100111100000010111010010101110011010110111110100000100100010101000100100011100000110101101100010000111100001100001000110001101101001000101001100010000011100111001001
1100001001000111000011001010101000001111011111001011101010000011000001000010110010000111010101001001101010111000111001011111100100111000100101000000011010010111110101000000111001000010011000000100000010001100001100010000000110010001010111110001100010
1100001110010111001000001100010011010001110101001011000010000001110110100011000110001000001001011101000011110010000000010000011110000101111100111000001101010000010011001000010111110001111011010011010100100011010100001111001100101000001000110000100100
0011100000100100000010011000100011110000101101001110100101000000100010001110100110001001101100010100100100110111001000110110000101001000110011000000000001001000001111001001000101100100000110100100001000111010000011000000101100011010110010100110010111
1000001010011010111100100000010001111011000101100010011101000100011000001100001100100010000100000010000100010010100010011000000001000100101001000100011100000010000011011000001110011000100100000011001001010001010001101000100010010001000000110011100010
0100001001000001000111000111001010101100100001001000000000010011001100000011100001010110111100100010110001000110100000010000111100100011010111011001011000000000100011000110100001011000101101000100101001010001001000101110110110001011001001000001000001
0000101001101001011100000001101001010010001000100000100100000000110101001000100001110000011010111010010101110001100010011011000100110001001000000110100101101000110000000001010000000010000100000011001001100000001000001011000100011001000010000001001000
0111010010000011011110001101010110101110001101000111000111000100000001010001001100001101111000100011001010101001011001000101011010010100001000101110101010011110010101110000000101001010011110100100011000001100000011110100001000011110010110011000000000
1100110001001000011000011010000000001001001001100011100100110000001000100101000110101110000000100011001101111001100011100011000011011010110011000100000111110000010101011010000110101000001010000101010001001101100000001000000010001001001000101101100000
1000100000000100000010101111011000110010000101001101001110100001000011110000010000011100000100110000101110110000000101110110011100000101000000011100010010001000010100001100100010011011100001111000101100001111000000111000110010010000111100010000011011
0001100100111111110010000011000001011111000101111010010010110011001001100000001111011100110000011001000011100100000111110011000100010010110001110001011110101010000000011010101111100001001101000000100011000100001011001001101000001000010010000011100110
0000000111000000110010100111100000000000101001011101110111100010111011011000110001000110001011011100000110001001010111010111110100001100010000010110110100110001101100101100110000010101010100010100001110001000001010000100010000101000000010000101001011
1100000000000001111001000001110100010000011000111101100000010010001111010011011010000011100100110011101100111100110100101101000110010101001100010100001010011010010000110110011010110001101100001010100000000000000001000000010001101100001101000010010000
0100001100111000001111110000011001010000000010010101000101011001010110001110000101011101100011011100110001011010110011001000111101110100000010000000000001110011001000101000111001010111000110000011000000000100011100010000001100010101101010001001000111
1001001001110100100000011110100000000110010100011011100011001110000000010011010110000100111001010010100000110110010010001011010011011001010000110100010001000100001110100000011100010000000011111101100010000011010000101100010000001011001010000100001011
0010100101000010101001100101000100001000000001001001100011100001011010000001000110100010110001100000100111101010101110111101000110000010000111001101111100001110010101001100101101010011010000111000110011100011110111101000111000100001001111000101000001
0000001000011010001000100000000001100011000001110011010010010100001010000111110101110000101001100100000001101000010100100000000100000011000001000010001110001001111100001011001100111000011000010111010010001101010101001101000110100010001111000010010000
1110010110100101110000101000000010100110101001100100010001101101010100100000100000010010100010111011101000000100100000001100000011011010011101000001001010000000001110011000001000101101110100011100111101010100000011001101110010001110000101101100001001
0010110011010000000000000101101010101000001110100001110100001010010010011000000000001001100110111101110111000100110000111011010110000100100000001000000100000100001000001000100111001000001001010010110010110000000101101010111010111000000000001101000100
