[0, 2, 249]
[0, 3, 249]
[0, 5, 249]
[0, 12, 249]
[0, 18, 6, 249]
[0, 22, 10, 249]
[0, 30, 249]
[0, 31, 7, 249]
[0, 32, 11, 249]
[0, 34, 1, 249]
[0, 35, 13, 249]
[0, 37, 8, 249]
[0, 39, 17, 249]
[0, 42, 24, 249]
[0, 44, 19, 249]
[0, 45, 25, 249]
[0, 46, 36, 249]
[0, 47, 249]
[0, 48, 69, 249]
[0, 50, 249]
[0, 55, 77, 249]
[0, 56, 249]
[0, 59, 249]
[0, 60, 249]
[0, 61, 65, 249]
[0, 63, 40, 249]
[0, 70, 78, 249]
[0, 74, 249]
[0, 75, 57, 249]
[0, 79, 249]
[0, 87, 88, 249]
[0, 89, 104, 249]
[0, 90, 249]
[0, 91, 86, 249]
[0, 92, 113, 249]
[0, 93, 102, 249]
[0, 94, 98, 249]
[0, 95, 249]
[0, 97, 141, 249]
[0, 105, 249]
[0, 106, 249]
[0, 111, 249]
[0, 112, 249]
[0, 115, 108, 249]
[0, 117, 107, 249]
[0, 118, 249]
[0, 121, 119, 249]
[0, 122, 249]
[0, 124, 249]
[0, 125, 249]
[0, 127, 249]
[0, 130, 249]
[0, 131, 154, 249]
[0, 135, 128, 249]
[0, 136, 249]
[0, 139, 132, 249]
[0, 146, 249]
[0, 148, 172, 249]
[0, 150, 137, 249]
[0, 152, 165, 249]
[0, 155, 170, 249]
[0, 157, 192, 249]
[0, 158, 249]
[0, 159, 249]
[0, 163, 249]
[0, 166, 249]
[0, 167, 195, 249]
[0, 173, 249]
[0, 175, 209, 249]
[0, 177, 249]
[0, 179, 249]
[0, 189, 202, 249]
[0, 190, 176, 249]
[0, 193, 174, 249]
[0, 197, 221, 249]
[0, 200, 249]
[0, 201, 214, 249]
[0, 205, 249]
[0, 206, 249]
[0, 208, 203, 249]
[0, 211, 249]
[0, 213, 248, 249]
[0, 215, 234, 249]
[0, 217, 244, 249]
[0, 218, 249]
[0, 220, 249]
[0, 224, 216, 249]
[0, 231, 249]
[0, 236, 249]
[0, 240, 249]
[0, 242, 249]
[0, 245, 249]
[0, 246, 249]
[0, 249]
Número de caminhos: 94
Tempo de execucação: 765.3748989105225ms
