01111100111011101100011001011111011011100010011101
00000011001101111010100110011111010100001110111101
10001100100101000010111111001011110000111111011001
10101010100011000111111101101101011101101011010111
11110110111101111011100100110000111100001011111101
10011000101111100101110110110111010010110111011101
10010100111011000011111011111111111111101000110001
11011110100000101011100101111101101110001010110101
00110111001001111011101110010011110111101001010110
11101111101011100111111110100101001110101011111001
00111100010111011110101111100111110011111101111101
10011101010010010110111011110101101111111110010111
11101011111001001101101110011100011000101110111101
11111111110000000001011101110101010100110010001011
10000011010100010111101010101111100000100100111101
00010001100101001011101110111110000110001111111111
11111100001001000111011101010110001010011000100011
11101110010111100011011110001101111110101011000101
10110001111110010101101010110011100101011011100011
01111111100111101110111010101100010000000110111101
01011111010110010010001110011111001001001101110111
10111011011101111101101000111111111001111001100111
11000101001101101000110101010100111110111111111111
10110011011101001001011000100010001011111011101111
10000110011111111010111101100001011110101100101001
11001100010011011110101010101110001011111001111101
10100010100101111111110011000000011011100110110110
01011100111100100001101101101111100101101111100111
11010001011010100101101101100110110011010111010110
01101011011010111010111101101001000100100001001010
01110110110000101010100001010101000111110111111110
00101111111001011111011111110100110111001000111011
10101010111110111011011111010011000111011111000101
11110110000110101111100111111001100111110110101100
00101101111111100000011100001111100101011110111011
11111111101111011001110101111100111001101100011011
10011010011100111010111010111111011101111101100011
10011111111110111110111110010111010000111110111001
11010111001111011111101010001111001101011110001111
00001111110110011010010001011110101010000101011010
01100101000101101011001111011111111100010000110111
11001101011001110010010101100100010111110011101001
10000100111111001000010110101001010110001000100111
10010001110001000101110100101110111111001110111111
00000101111111011001001110000000000101000101000111
10101100110111010101101010101101011000111110000101
10100111110001011110100011000111010000110101110100
11100000111011011100110011010001001001100000111011
01111101101011011111011011001011111001110110001101
01101110110010101011000011011101000001111110111010
